4000.00 2.39805e-006
5000.00 1.02973e-006
6000.00 5.10731e-007
7000.00 2.78723e-007
8000.00 1.65454e-007
9000.00 1.04063e-007
10000.0 6.86170e-008
11000.0 4.68978e-008
12000.0 3.29722e-008
13000.0 2.37985e-008
14000.0 1.76746e-008
15000.0 1.34592e-008
16000.0 1.02922e-008
17000.0 8.06846e-009
18000.0 6.38703e-009
19000.0 5.10558e-009
20000.0 4.15209e-009
21000.0 3.38189e-009
22000.0 2.81543e-009
23000.0 2.34184e-009
24000.0 1.95651e-009
25000.0 1.65656e-009
26000.0 1.40264e-009
27000.0 1.20694e-009
28000.0 1.03512e-009
29000.0 8.95582e-010
30000.0 7.81465e-010
31000.0 6.79972e-010
32000.0 5.92754e-010
33000.0 5.23950e-010
34000.0 4.62096e-010
35000.0 4.08102e-010
36000.0 3.64985e-010
37000.0 3.25871e-010
38000.0 2.90314e-010
39000.0 2.60306e-010
40000.0 2.35273e-010
