4000.00 3.47580e-005
5000.00 2.21847e-005
6000.00 1.53514e-005
7000.00 1.12385e-005
8000.00 8.58087e-006
9000.00 6.76420e-006
10000.0 5.46807e-006
11000.0 4.51214e-006
12000.0 3.78645e-006
13000.0 3.22269e-006
14000.0 2.77617e-006
15000.0 2.41636e-006
16000.0 2.12230e-006
17000.0 1.87881e-006
18000.0 1.67497e-006
19000.0 1.50262e-006
20000.0 1.35552e-006
21000.0 1.22908e-006
22000.0 1.11950e-006
23000.0 1.02399e-006
24000.0 9.40183e-007
25000.0 8.66272e-007
26000.0 8.00748e-007
27000.0 7.42385e-007
28000.0 6.90188e-007
29000.0 6.43301e-007
30000.0 6.01043e-007
31000.0 5.62815e-007
32000.0 5.28121e-007
33000.0 4.96544e-007
34000.0 4.67714e-007
35000.0 4.41323e-007
36000.0 4.17109e-007
37000.0 3.94833e-007
38000.0 3.74294e-007
39000.0 3.55320e-007
40000.0 3.37752e-007
