4000.00 4.58515e-007
5000.00 3.69110e-007
6000.00 1.89062e-007
7000.00 1.06180e-007
8000.00 6.41373e-008
9000.00 4.09845e-008
10000.0 2.73625e-008
11000.0 1.89270e-008
12000.0 1.34699e-008
13000.0 9.83344e-009
14000.0 7.39554e-009
15000.0 5.62886e-009
16000.0 4.34892e-009
17000.0 3.43895e-009
18000.0 2.73514e-009
19000.0 2.21468e-009
20000.0 1.79659e-009
21000.0 1.48204e-009
22000.0 1.22983e-009
23000.0 1.03225e-009
24000.0 8.65130e-010
25000.0 7.39432e-010
26000.0 6.30513e-010
27000.0 5.38778e-010
28000.0 4.67513e-010
29000.0 4.04680e-010
30000.0 3.51943e-010
31000.0 3.08977e-010
32000.0 2.70624e-010
33000.0 2.39384e-010
34000.0 2.12466e-010
35000.0 1.88197e-010
36000.0 1.67980e-010
37000.0 1.50539e-010
38000.0 1.34756e-010
39000.0 1.20884e-010
40000.0 1.09523e-010
