4000.00 9.98042e-007
5000.00 7.22895e-007
6000.00 3.69696e-007
7000.00 2.07451e-007
8000.00 1.25117e-007
9000.00 7.99024e-008
10000.0 5.33369e-008
11000.0 3.68797e-008
12000.0 2.62364e-008
13000.0 1.91413e-008
14000.0 1.43872e-008
15000.0 1.09579e-008
16000.0 8.46152e-009
17000.0 6.68445e-009
18000.0 5.31676e-009
19000.0 4.29969e-009
20000.0 3.49049e-009
21000.0 2.87610e-009
22000.0 2.38773e-009
23000.0 2.00104e-009
24000.0 1.67935e-009
25000.0 1.43312e-009
26000.0 1.22219e-009
27000.0 1.04515e-009
28000.0 9.05632e-010
29000.0 7.84335e-010
30000.0 6.81922e-010
31000.0 5.97832e-010
32000.0 5.24322e-010
33000.0 4.63559e-010
34000.0 4.11070e-010
35000.0 3.64523e-010
36000.0 3.25213e-010
37000.0 2.91190e-010
38000.0 2.60738e-010
39000.0 2.33967e-010
40000.0 2.11765e-010
