4000.00 2.45046e-005
5000.00 1.64840e-005
6000.00 1.15006e-005
7000.00 8.45628e-006
8000.00 6.47208e-006
9000.00 5.11049e-006
10000.0 4.13632e-006
11000.0 3.41598e-006
12000.0 2.86841e-006
13000.0 2.44264e-006
14000.0 2.10502e-006
15000.0 1.83281e-006
16000.0 1.61014e-006
17000.0 1.42572e-006
18000.0 1.27127e-006
19000.0 1.14061e-006
20000.0 1.02910e-006
21000.0 9.33195e-007
22000.0 8.50089e-007
23000.0 7.77601e-007
24000.0 7.14020e-007
25000.0 6.57928e-007
26000.0 6.08191e-007
27000.0 5.63889e-007
28000.0 5.24262e-007
29000.0 4.88669e-007
30000.0 4.56579e-007
31000.0 4.27551e-007
32000.0 4.01209e-007
33000.0 3.77227e-007
34000.0 3.55331e-007
35000.0 3.35291e-007
36000.0 3.16900e-007
37000.0 2.99981e-007
38000.0 2.84381e-007
39000.0 2.69967e-007
40000.0 2.56623e-007