4000.00 1.91714e-005
5000.00 1.27329e-005
6000.00 8.87143e-006
7000.00 6.52142e-006
8000.00 4.99168e-006
9000.00 3.94238e-006
10000.0 3.19166e-006
11000.0 2.63647e-006
12000.0 2.21437e-006
13000.0 1.88606e-006
14000.0 1.62566e-006
15000.0 1.41567e-006
16000.0 1.24386e-006
17000.0 1.10154e-006
18000.0 9.82321e-007
19000.0 8.81451e-007
20000.0 7.95354e-007
21000.0 7.21292e-007
22000.0 6.57108e-007
23000.0 6.01121e-007
24000.0 5.52003e-007
25000.0 5.08668e-007
26000.0 4.70241e-007
27000.0 4.36008e-007
28000.0 4.05386e-007
29000.0 3.77880e-007
30000.0 3.53079e-007
31000.0 3.30643e-007
32000.0 3.10281e-007
33000.0 2.91743e-007
34000.0 2.74818e-007
35000.0 2.59325e-007
36000.0 2.45106e-007
37000.0 2.32025e-007
38000.0 2.19964e-007
39000.0 2.08820e-007
40000.0 1.98502e-007