4000.00 1.52122e-005
5000.00 7.13591e-006
6000.00 3.74726e-006
7000.00 2.18407e-006
8000.00 1.35906e-006
9000.00 8.91161e-007
10000.0 6.07399e-007
11000.0 4.33686e-007
12000.0 3.18757e-007
13000.0 3.58315e-007
14000.0 4.41566e-007
15000.0 3.45735e-007
16000.0 4.23987e-007
17000.0 3.51083e-007
18000.0 2.87076e-007
19000.0 2.34553e-007
20000.0 1.96634e-007
21000.0 1.64734e-007
22000.0 1.38908e-007
23000.0 1.18716e-007
24000.0 1.01352e-007
25000.0 8.75220e-008
26000.0 7.60222e-008
27000.0 6.59591e-008
28000.0 5.78891e-008
29000.0 5.10758e-008
30000.0 4.50301e-008
31000.0 3.97617e-008
32000.0 3.55636e-008
33000.0 3.17953e-008
34000.0 2.84051e-008
35000.0 2.54386e-008
36000.0 2.30311e-008
37000.0 2.08451e-008
38000.0 1.88547e-008
39000.0 1.70506e-008
40000.0 1.56005e-008
