4000.00 6.27530e-005
5000.00 4.16334e-005
6000.00 2.92214e-005
7000.00 2.15002e-005
8000.00 1.64263e-005
9000.00 1.29274e-005
10000.0 1.04149e-005
11000.0 8.54025e-006
12000.0 7.08413e-006
13000.0 5.74338e-006
14000.0 5.19511e-006
15000.0 4.50680e-006
16000.0 4.01017e-006
17000.0 3.63400e-006
18000.0 3.27403e-006
19000.0 2.95601e-006
20000.0 2.67862e-006
21000.0 2.43668e-006
22000.0 2.22472e-006
23000.0 2.03853e-006
24000.0 1.87417e-006
25000.0 1.72864e-006
26000.0 1.59906e-006
27000.0 1.48326e-006
28000.0 1.37954e-006
29000.0 1.28613e-006
30000.0 1.20189e-006
31000.0 1.12552e-006
32000.0 1.05620e-006
33000.0 9.93006e-007
34000.0 9.35278e-007
35000.0 8.82434e-007
36000.0 8.33937e-007
37000.0 7.89278e-007
38000.0 7.48090e-007
39000.0 7.10035e-007
40000.0 6.74804e-007