4000.00 5.40852e-005
5000.00 2.52832e-005
6000.00 1.33461e-005
7000.00 7.70749e-006
8000.00 4.80814e-006
9000.00 3.15128e-006
10000.0 2.16594e-006
11000.0 1.54274e-006
12000.0 2.45797e-006
13000.0 2.14249e-006
14000.0 2.22916e-006
15000.0 2.03872e-006
16000.0 1.63561e-006
17000.0 1.31044e-006
18000.0 1.07068e-006
19000.0 8.83206e-007
20000.0 7.28031e-007
21000.0 6.14929e-007
22000.0 5.18915e-007
23000.0 4.39269e-007
24000.0 3.78555e-007
25000.0 3.25955e-007
26000.0 2.80172e-007
27000.0 2.45522e-007
28000.0 2.15196e-007
29000.0 1.88397e-007
30000.0 1.66250e-007
31000.0 1.47634e-007
32000.0 1.30984e-007
33000.0 1.16971e-007
34000.0 1.05209e-007
35000.0 9.45809e-008
36000.0 8.49552e-008
37000.0 7.64603e-008
38000.0 6.95620e-008
39000.0 6.32616e-008
40000.0 5.74964e-008
