4000.00 0.000183013
5000.00 0.000121138
6000.00 8.47743e-005
7000.00 6.22203e-005
8000.00 4.73861e-005
9000.00 3.71387e-005
10000.0 2.97239e-005
11000.0 2.40484e-005
12000.0 1.88475e-005
13000.0 1.71987e-005
14000.0 1.47273e-005
15000.0 1.34147e-005
16000.0 1.20432e-005
17000.0 1.07941e-005
18000.0 9.69979e-006
19000.0 8.75097e-006
20000.0 7.92546e-006
21000.0 7.20605e-006
22000.0 6.57736e-006
23000.0 6.02502e-006
24000.0 5.53797e-006
25000.0 5.10627e-006
26000.0 4.72265e-006
27000.0 4.37963e-006
28000.0 4.07254e-006
29000.0 3.79603e-006
30000.0 3.54672e-006
31000.0 3.32065e-006
32000.0 3.11538e-006
33000.0 2.92852e-006
34000.0 2.75791e-006
35000.0 2.60149e-006
36000.0 2.45795e-006
37000.0 2.32592e-006
38000.0 2.20420e-006
39000.0 2.09174e-006
40000.0 1.98764e-006
