4000.00 2.08924e-007
5000.00 8.39072e-008
6000.00 3.92057e-008
7000.00 2.07079e-008
8000.00 1.18987e-008
9000.00 7.26031e-009
10000.0 4.65556e-009
11000.0 3.11771e-009
12000.0 2.15546e-009
13000.0 1.53428e-009
14000.0 1.12184e-009
15000.0 8.31217e-010
16000.0 6.30749e-010
17000.0 4.89325e-010
18000.0 3.83802e-010
19000.0 3.03947e-010
20000.0 2.44447e-010
21000.0 1.97816e-010
22000.0 1.62377e-010
23000.0 1.34235e-010
24000.0 1.11362e-010
25000.0 9.38901e-011
26000.0 7.87254e-011
27000.0 6.72791e-011
28000.0 5.75615e-011
29000.0 4.91175e-011
30000.0 4.27655e-011
31000.0 3.71177e-011
32000.0 3.20959e-011
33000.0 2.82801e-011
34000.0 2.48512e-011
35000.0 2.17858e-011
36000.0 1.93936e-011
37000.0 1.72246e-011
38000.0 1.52584e-011
39000.0 1.37306e-011
40000.0 1.23346e-011