4000.00 2.96086e-005
5000.00 1.88874e-005
6000.00 1.30910e-005
7000.00 9.60510e-006
8000.00 7.34725e-006
9000.00 5.80149e-006
10000.0 4.69696e-006
11000.0 3.88034e-006
12000.0 3.25961e-006
13000.0 2.77680e-006
14000.0 2.39382e-006
15000.0 2.08495e-006
16000.0 1.83224e-006
17000.0 1.62285e-006
18000.0 1.44741e-006
19000.0 1.29895e-006
20000.0 1.17223e-006
21000.0 1.06318e-006
22000.0 9.68671e-007
23000.0 8.86229e-007
24000.0 8.13881e-007
25000.0 7.50045e-007
26000.0 6.93436e-007
27000.0 6.43003e-007
28000.0 5.97879e-007
29000.0 5.57343e-007
30000.0 5.20795e-007
31000.0 4.87727e-007
32000.0 4.57711e-007
33000.0 4.30384e-007
34000.0 4.05433e-007
35000.0 3.82591e-007
36000.0 3.61627e-007
37000.0 3.42339e-007
38000.0 3.24555e-007
39000.0 3.08121e-007
40000.0 2.92905e-007
