4000.00 3.21817e-005
5000.00 2.05074e-005
6000.00 1.41994e-005
7000.00 1.04107e-005
8000.00 7.95869e-006
9000.00 6.28125e-006
10000.0 5.08339e-006
11000.0 4.19828e-006
12000.0 3.52579e-006
13000.0 3.00289e-006
14000.0 2.58827e-006
15000.0 2.25398e-006
16000.0 1.98052e-006
17000.0 1.75398e-006
18000.0 1.56421e-006
19000.0 1.40366e-006
20000.0 1.26662e-006
21000.0 1.14872e-006
22000.0 1.04655e-006
23000.0 9.57427e-007
24000.0 8.79226e-007
25000.0 8.10232e-007
26000.0 7.49052e-007
27000.0 6.94550e-007
28000.0 6.45788e-007
29000.0 6.01988e-007
30000.0 5.62496e-007
31000.0 5.26768e-007
32000.0 4.94339e-007
33000.0 4.64815e-007
34000.0 4.37861e-007
35000.0 4.13185e-007
36000.0 3.90536e-007
37000.0 3.69702e-007
38000.0 3.50491e-007
39000.0 3.32740e-007
40000.0 3.16304e-007
