4000.00 5.99981e-007
5000.00 2.47024e-007
6000.00 1.18753e-007
7000.00 6.36094e-008
8000.00 3.69063e-008
9000.00 2.27651e-008
10000.0 1.47473e-008
11000.0 9.93802e-009
12000.0 6.91993e-009
13000.0 4.95483e-009
14000.0 3.63345e-009
15000.0 2.71940e-009
16000.0 2.07248e-009
17000.0 1.60506e-009
18000.0 1.26065e-009
19000.0 1.00311e-009
20000.0 8.07339e-010
21000.0 6.56721e-010
22000.0 5.39457e-010
23000.0 4.47049e-010
24000.0 3.73406e-010
25000.0 3.14300e-010
26000.0 2.66276e-010
27000.0 2.27078e-010
28000.0 1.94743e-010
29000.0 1.67903e-010
30000.0 1.45491e-010
31000.0 1.29256e-010
32000.0 1.12961e-010
33000.0 9.91232e-011
34000.0 8.73181e-011
35000.0 7.71963e-011
36000.0 6.84642e-011
37000.0 6.09216e-011
38000.0 5.43792e-011
39000.0 4.86814e-011
40000.0 4.37016e-011