4000.00 4.72820e-005
5000.00 3.01178e-005
6000.00 2.08330e-005
7000.00 1.52609e-005
8000.00 1.16571e-005
9000.00 9.19375e-006
10000.0 7.43629e-006
11000.0 6.13864e-006
12000.0 5.15320e-006
13000.0 4.38753e-006
14000.0 3.78066e-006
15000.0 3.29151e-006
16000.0 2.89161e-006
17000.0 2.56036e-006
18000.0 2.28302e-006
19000.0 2.04837e-006
20000.0 1.84819e-006
21000.0 1.67595e-006
22000.0 1.52674e-006
23000.0 1.39661e-006
24000.0 1.28243e-006
25000.0 1.18172e-006
26000.0 1.09241e-006
27000.0 1.01287e-006
28000.0 9.41704e-007
29000.0 8.77789e-007
30000.0 8.20170e-007
31000.0 7.68041e-007
32000.0 7.20734e-007
33000.0 6.77664e-007
34000.0 6.38346e-007
35000.0 6.02353e-007
36000.0 5.69321e-007
37000.0 5.38935e-007
38000.0 5.10917e-007
39000.0 4.85031e-007
40000.0 4.61062e-007