4000.00 1.91228e-006
5000.00 8.07801e-007
6000.00 3.94185e-007
7000.00 2.14329e-007
8000.00 1.25861e-007
9000.00 7.88396e-008
10000.0 5.16646e-008
11000.0 3.50730e-008
12000.0 2.45659e-008
13000.0 1.78463e-008
14000.0 1.31697e-008
15000.0 9.91286e-009
16000.0 7.60973e-009
17000.0 5.94194e-009
18000.0 4.67631e-009
19000.0 3.74997e-009
20000.0 3.03570e-009
21000.0 2.48383e-009
22000.0 2.04280e-009
23000.0 1.70243e-009
24000.0 1.42059e-009
25000.0 1.20598e-009
26000.0 1.02152e-009
27000.0 8.69787e-010
28000.0 7.48164e-010
29000.0 6.46034e-010
30000.0 5.61004e-010
31000.0 4.86813e-010
32000.0 4.28756e-010
33000.0 3.77042e-010
34000.0 3.31307e-010
35000.0 2.93973e-010
36000.0 2.61612e-010
37000.0 2.32755e-010
38000.0 2.07531e-010
39000.0 1.86915e-010
40000.0 1.68117e-010
