4000.00 1.87504e-007
5000.00 7.62680e-008
6000.00 3.60278e-008
7000.00 1.91272e-008
8000.00 1.10582e-008
9000.00 6.78214e-009
10000.0 4.36720e-009
11000.0 2.94159e-009
12000.0 2.04373e-009
13000.0 1.46077e-009
14000.0 1.06837e-009
15000.0 7.95429e-010
16000.0 6.07802e-010
17000.0 4.71001e-010
18000.0 3.69607e-010
19000.0 2.93746e-010
20000.0 2.35866e-010
21000.0 1.92162e-010
22000.0 1.57521e-010
23000.0 1.30362e-010
24000.0 1.08451e-010
25000.0 9.13780e-011
26000.0 7.72072e-011
27000.0 6.55319e-011
28000.0 5.63227e-011
29000.0 4.83753e-011
30000.0 4.17757e-011
31000.0 3.63652e-011
32000.0 3.16229e-011
33000.0 2.77415e-011
34000.0 2.44938e-011
35000.0 2.15758e-011
36000.0 1.90852e-011
37000.0 1.69867e-011
38000.0 1.51423e-011
39000.0 1.35636e-011
40000.0 1.21361e-011