4000.00 1.91408e-005
5000.00 1.22055e-005
6000.00 8.45745e-006
7000.00 6.20415e-006
8000.00 4.74501e-006
9000.00 3.74626e-006
10000.0 3.03272e-006
11000.0 2.50523e-006
12000.0 2.10434e-006
13000.0 1.79255e-006
14000.0 1.54525e-006
15000.0 1.34582e-006
16000.0 1.18266e-006
17000.0 1.04747e-006
18000.0 9.34207e-007
19000.0 8.38373e-007
20000.0 7.56566e-007
21000.0 6.86175e-007
22000.0 6.25171e-007
23000.0 5.71957e-007
24000.0 5.25259e-007
25000.0 4.84056e-007
26000.0 4.47518e-007
27000.0 4.14968e-007
28000.0 3.85843e-007
29000.0 3.59681e-007
30000.0 3.36092e-007
31000.0 3.14750e-007
32000.0 2.95379e-007
33000.0 2.77742e-007
34000.0 2.61639e-007
35000.0 2.46898e-007
36000.0 2.33368e-007
37000.0 2.20920e-007
38000.0 2.09443e-007
39000.0 1.98837e-007
40000.0 1.89017e-007
