4000.00 1.68482e-005
5000.00 1.07464e-005
6000.00 7.44765e-006
7000.00 5.46400e-006
8000.00 4.17926e-006
9000.00 3.29978e-006
10000.0 2.67139e-006
11000.0 2.20683e-006
12000.0 1.85373e-006
13000.0 1.57910e-006
14000.0 1.36127e-006
15000.0 1.18560e-006
16000.0 1.04188e-006
17000.0 9.22794e-007
18000.0 8.23021e-007
19000.0 7.38598e-007
20000.0 6.66531e-007
21000.0 6.04521e-007
22000.0 5.50779e-007
23000.0 5.03899e-007
24000.0 4.62760e-007
25000.0 4.26461e-007
26000.0 3.94272e-007
27000.0 3.65595e-007
28000.0 3.39936e-007
29000.0 3.16888e-007
30000.0 2.96106e-007
31000.0 2.77304e-007
32000.0 2.60237e-007
33000.0 2.44700e-007
34000.0 2.30513e-007
35000.0 2.17525e-007
36000.0 2.05605e-007
37000.0 1.94639e-007
38000.0 1.84527e-007
39000.0 1.75183e-007
40000.0 1.66532e-007