4000.00 1.52968e-007
5000.00 6.22200e-008
6000.00 2.93917e-008
7000.00 1.56041e-008
8000.00 9.02131e-009
9000.00 5.53288e-009
10000.0 3.56276e-009
11000.0 2.39975e-009
12000.0 1.66727e-009
13000.0 1.19169e-009
14000.0 8.71574e-010
15000.0 6.48909e-010
16000.0 4.95843e-010
17000.0 3.84241e-010
18000.0 3.01524e-010
19000.0 2.39637e-010
20000.0 1.92418e-010
21000.0 1.56765e-010
22000.0 1.28505e-010
23000.0 1.06349e-010
24000.0 8.84741e-011
25000.0 7.45457e-011
26000.0 6.29852e-011
27000.0 5.34605e-011
28000.0 4.59477e-011
29000.0 3.94643e-011
30000.0 3.40804e-011
31000.0 2.96665e-011
32000.0 2.57977e-011
33000.0 2.26313e-011
34000.0 1.99819e-011
35000.0 1.76014e-011
36000.0 1.55696e-011
37000.0 1.38577e-011
38000.0 1.23529e-011
39000.0 1.10651e-011
40000.0 9.90057e-012