4000.00 1.77175e-007
5000.00 7.14735e-008
6000.00 3.38088e-008
7000.00 1.78636e-008
8000.00 1.02393e-008
9000.00 6.24641e-009
10000.0 4.00570e-009
11000.0 2.67402e-009
12000.0 1.84560e-009
13000.0 1.31070e-009
14000.0 9.53883e-010
15000.0 7.08928e-010
16000.0 5.36833e-010
17000.0 4.13369e-010
18000.0 3.23015e-010
19000.0 2.55895e-010
20000.0 2.05683e-010
21000.0 1.66545e-010
22000.0 1.36089e-010
23000.0 1.12234e-010
24000.0 9.33291e-011
25000.0 7.82366e-011
26000.0 6.60321e-011
27000.0 5.61167e-011
28000.0 4.79707e-011
29000.0 4.12358e-011
30000.0 3.56327e-011
31000.0 3.29410e-011
32000.0 2.87427e-011
33000.0 2.51749e-011
34000.0 2.21472e-011
35000.0 1.95563e-011
36000.0 1.73161e-011
37000.0 1.53883e-011
38000.0 1.37191e-011
39000.0 1.22675e-011
40000.0 1.10006e-011