4000.00 1.92497e-005
5000.00 1.22777e-005
6000.00 8.50790e-006
7000.00 6.24171e-006
8000.00 4.77397e-006
9000.00 3.76923e-006
10000.0 3.05137e-006
11000.0 2.52071e-006
12000.0 2.11737e-006
13000.0 1.80365e-006
14000.0 1.55484e-006
15000.0 1.35418e-006
16000.0 1.19002e-006
17000.0 1.05399e-006
18000.0 9.40030e-007
19000.0 8.43601e-007
20000.0 7.61286e-007
21000.0 6.90459e-007
22000.0 6.29076e-007
23000.0 5.75530e-007
24000.0 5.28542e-007
25000.0 4.87083e-007
26000.0 4.50317e-007
27000.0 4.17563e-007
28000.0 3.88257e-007
29000.0 3.61932e-007
30000.0 3.38196e-007
31000.0 3.16720e-007
32000.0 2.97229e-007
33000.0 2.79482e-007
34000.0 2.63279e-007
35000.0 2.48444e-007
36000.0 2.34829e-007
37000.0 2.22304e-007
38000.0 2.10755e-007
39000.0 2.00083e-007
40000.0 1.90201e-007