4000.00 2.61099e-006
5000.00 1.12814e-006
6000.00 5.59543e-007
7000.00 3.10182e-007
8000.00 1.84767e-007
9000.00 1.16103e-007
10000.0 7.64340e-008
11000.0 5.24643e-008
12000.0 3.71508e-008
13000.0 2.69644e-008
14000.0 2.00321e-008
15000.0 1.51226e-008
16000.0 1.17349e-008
17000.0 9.13786e-009
18000.0 7.25661e-009
19000.0 5.82352e-009
20000.0 4.71485e-009
21000.0 3.88153e-009
22000.0 3.20619e-009
23000.0 2.66336e-009
24000.0 2.24347e-009
25000.0 1.88848e-009
26000.0 1.61397e-009
27000.0 1.37420e-009
28000.0 1.18975e-009
29000.0 1.02985e-009
30000.0 8.89157e-010
31000.0 7.81096e-010
32000.0 6.84595e-010
33000.0 5.99946e-010
34000.0 5.32505e-010
35000.0 4.71682e-010
36000.0 4.17833e-010
37000.0 3.74968e-010
38000.0 3.35976e-010
39000.0 3.00439e-010
40000.0 2.70041e-010