4000.00 3.09542e-005
5000.00 1.98080e-005
6000.00 1.37214e-005
7000.00 1.00518e-005
8000.00 7.67354e-006
9000.00 6.04952e-006
10000.0 4.88994e-006
11000.0 4.03466e-006
12000.0 3.38525e-006
13000.0 2.88102e-006
14000.0 2.48153e-006
15000.0 2.15979e-006
16000.0 1.89669e-006
17000.0 1.67902e-006
18000.0 1.49671e-006
19000.0 1.34265e-006
20000.0 1.21115e-006
21000.0 1.09810e-006
22000.0 1.00017e-006
23000.0 9.14778e-007
24000.0 8.39888e-007
25000.0 7.73823e-007
26000.0 7.15279e-007
27000.0 6.63125e-007
28000.0 6.16473e-007
29000.0 5.74590e-007
30000.0 5.36828e-007
31000.0 5.02667e-007
32000.0 4.71677e-007
33000.0 4.43463e-007
34000.0 4.17706e-007
35000.0 3.94135e-007
36000.0 3.72501e-007
37000.0 3.52602e-007
38000.0 3.34258e-007
39000.0 3.17307e-007
40000.0 3.01615e-007