4000.00 5.64954e-007
5000.00 2.32187e-007
6000.00 1.11453e-007
7000.00 5.96204e-008
8000.00 3.45502e-008
9000.00 2.12879e-008
10000.0 1.37761e-008
11000.0 9.27448e-009
12000.0 6.45198e-009
13000.0 4.61582e-009
14000.0 3.38216e-009
15000.0 2.52947e-009
16000.0 1.92644e-009
17000.0 1.49106e-009
18000.0 1.17050e-009
19000.0 9.30943e-010
20000.0 7.49230e-010
21000.0 6.09135e-010
22000.0 5.00055e-010
23000.0 4.14160e-010
24000.0 3.45754e-010
25000.0 2.90886e-010
26000.0 2.46332e-010
27000.0 2.09986e-010
28000.0 1.80018e-010
29000.0 1.55155e-010
30000.0 1.34403e-010
31000.0 1.20019e-010
32000.0 1.04861e-010
33000.0 9.19893e-011
34000.0 8.10185e-011
35000.0 7.16147e-011
36000.0 6.35031e-011
37000.0 5.64985e-011
38000.0 5.04249e-011
39000.0 4.51373e-011
40000.0 4.05177e-011