4000.00 2.79339e-005
5000.00 1.77897e-005
6000.00 1.23130e-005
7000.00 9.02524e-006
8000.00 6.89830e-006
9000.00 5.44363e-006
10000.0 4.40507e-006
11000.0 3.63778e-006
12000.0 3.05488e-006
13000.0 2.60169e-006
14000.0 2.24238e-006
15000.0 1.95269e-006
16000.0 1.71574e-006
17000.0 1.51945e-006
18000.0 1.35503e-006
19000.0 1.21593e-006
20000.0 1.09720e-006
21000.0 9.95055e-007
22000.0 9.06540e-007
23000.0 8.29334e-007
24000.0 7.61589e-007
25000.0 7.01820e-007
26000.0 6.48822e-007
27000.0 6.01609e-007
28000.0 5.59369e-007
29000.0 5.21427e-007
30000.0 4.87218e-007
31000.0 4.56269e-007
32000.0 4.28179e-007
33000.0 4.02605e-007
34000.0 3.79257e-007
35000.0 3.57882e-007
36000.0 3.38264e-007
37000.0 3.20218e-007
38000.0 3.03578e-007
39000.0 2.88202e-007
40000.0 2.73965e-007