4000.00 1.46235e-005
5000.00 9.31978e-006
6000.00 6.45536e-006
7000.00 4.73404e-006
8000.00 3.61981e-006
9000.00 2.85735e-006
10000.0 2.31278e-006
11000.0 1.91027e-006
12000.0 1.60442e-006
13000.0 1.36659e-006
14000.0 1.17797e-006
15000.0 1.02589e-006
16000.0 9.01472e-007
17000.0 7.98389e-007
18000.0 7.12036e-007
19000.0 6.38975e-007
20000.0 5.76607e-007
21000.0 5.22948e-007
22000.0 4.76445e-007
23000.0 4.35883e-007
24000.0 4.00288e-007
25000.0 3.68883e-007
26000.0 3.41034e-007
27000.0 3.16225e-007
28000.0 2.94027e-007
29000.0 2.74088e-007
30000.0 2.56110e-007
31000.0 2.39845e-007
32000.0 2.25082e-007
33000.0 2.11641e-007
34000.0 1.99370e-007
35000.0 1.88135e-007
36000.0 1.77825e-007
37000.0 1.68339e-007
38000.0 1.59592e-007
39000.0 1.51511e-007
40000.0 1.44027e-007