4000.00 2.03083e-007
5000.00 8.33960e-008
6000.00 3.97127e-008
7000.00 2.11620e-008
8000.00 1.22887e-008
9000.00 7.56435e-009
10000.0 4.88530e-009
11000.0 3.30392e-009
12000.0 2.30330e-009
13000.0 1.65099e-009
14000.0 1.20771e-009
15000.0 9.02135e-010
16000.0 6.92581e-010
17000.0 5.36299e-010
18000.0 4.20984e-010
19000.0 3.35376e-010
20000.0 2.69004e-010
21000.0 2.20148e-010
22000.0 1.80298e-010
23000.0 1.49319e-010
24000.0 1.24452e-010
25000.0 1.04816e-010
26000.0 8.90065e-011
27000.0 7.52087e-011
28000.0 6.48334e-011
29000.0 5.59226e-011
30000.0 4.80360e-011
31000.0 4.18951e-011
32000.0 3.65655e-011
33000.0 3.19861e-011
34000.0 2.83288e-011
35000.0 2.50313e-011
36000.0 2.20513e-011
37000.0 1.96537e-011
38000.0 1.75903e-011
39000.0 1.57101e-011
40000.0 1.40205e-011