4  1.391917e-39
5  5.450114e-18
6  5.840263e-8
7  0.0097036
8  9.841951
9  650.7996
10  9456.476
11  45848.6
12  145243.5
13  332062.2
14  617086.8
15  962496.3
16  1.332200e+6
17  1.678080e+6
18  1.972475e+6
19  2.209181e+6
20  2.381142e+6
21  2.490840e+6
22  2.541439e+6
23  2.546739e+6
24  2.512230e+6
25  2.439833e+6
26  2.348752e+6
27  2.238287e+6
28  2.114853e+6
29  1.979802e+6
30  1.832661e+6
31  1.683536e+6
32  1.532209e+6
33  1.377083e+6
34  1.217001e+6
35  1.055717e+6
36  891691.8
37  721616.3
38  537602.3
39  345597.1
40  0
